10/03/2023
1,828.02
1,830.64
1,816.07
1,823.36
-4.88
-0.27%
5,472
10/02/2023
1,848.68
1,848.74
1,827.72
1,828.24
-20.96
-1.13%
5,441
09/29/2023
1,864.93
1,878.05
1,846.70
1,849.20
-15.72
-0.84%
5,685
09/28/2023
1,875.07
1,878.03
1,859.15
1,864.92
-10.53
-0.56%
5,692
09/27/2023
1,900.66
1,902.73
1,873.12
1,875.45
-25.04
-1.32%
5,777
09/26/2023
1,915.94
1,916.74
1,899.59
1,900.49
-15.53
-0.81%
5,845
09/25/2023
1,925.46
1,926.56
1,915.42
1,916.02
-9.40
-0.49%
5,720
09/22/2023
1,920.08
1,928.49
1,919.86
1,925.42
+5.33
+0.28%
5,905
09/21/2023
1,930.11
1,931.41
1,915.20
1,920.09
-9.41
-0.49%
5,876
09/20/2023
1,931.39
1,947.12
1,928.63
1,929.50
-1.80
-0.09%
5,884
09/19/2023
1,933.67
1,936.88
1,930.13
1,931.30
-2.39
-0.12%
6,060
09/18/2023
1,923.78
1,934.18
1,922.94
1,933.69
+9.93
+0.52%
5,865
09/15/2023
1,910.62
1,929.82
1,909.97
1,923.76
+13.40
+0.70%
5,935
09/14/2023
1,908.32
1,912.68
1,901.68
1,910.36
+1.90
+0.10%
5,901
09/13/2023
1,913.51
1,914.92
1,908.40
1,908.46
-4.85
-0.25%
5,961
09/12/2023
1,922.38
1,924.05
1,908.74
1,913.31
-9.07
-0.47%
5,994
09/11/2023
1,919.15
1,929.75
1,918.06
1,922.38
+3.13
+0.16%
5,900
09/08/2023
1,919.60
1,928.93
1,917.74
1,919.25
-0.29
-0.02%
6,007
09/07/2023
1,916.45
1,922.88
1,916.41
1,919.54
+3.33
+0.17%
6,017
09/06/2023
1,926.06
1,928.21
1,915.98
1,916.21
-9.71
-0.50%
5,970
09/05/2023
1,938.51
1,938.75
1,925.62
1,925.92
-12.59
-0.65%
5,927
09/04/2023
1,940.27
1,946.16
1,937.02
1,938.51
-1.39
-0.07%
5,502
09/01/2023
1,939.96
1,950.48
1,935.79
1,939.90
-0.01
unch
5,938
08/31/2023
1,942.54
1,947.65
1,939.60
1,939.91
-2.99
-0.15%
6,002
08/30/2023
1,937.49
1,948.10
1,935.22
1,942.90
+5.27
+0.27%
5,976
08/29/2023
1,920.15
1,938.03
1,915.23
1,937.63
+17.58
+0.92%
5,974
08/28/2023
1,914.84
1,925.32
1,913.91
1,920.05
+5.40
+0.28%
5,899
08/25/2023
1,916.86
1,919.91
1,904.63
1,914.65
-2.43
-0.13%
5,852
08/24/2023
1,915.49
1,922.33
1,913.06
1,917.08
+1.73
+0.09%
5,829
08/23/2023
1,897.56
1,920.13
1,897.56
1,915.35
+17.89
+0.94%
5,904
08/22/2023
1,890.34
1,904.05
1,890.34
1,897.46
+2.71
+0.14%
3,340
08/21/2023
1,890.05
1,898.75
1,884.95
1,894.75
+5.12
+0.27%
0
08/18/2023
1,889.32
1,895.40
1,887.49
1,889.63
+0.64
+0.03%
5,891
08/17/2023
1,892.27
1,902.53
1,885.45
1,888.99
-3.83
-0.20%
5,830
08/16/2023
1,901.79
1,906.98
1,892.29
1,892.82
-8.83
-0.46%
5,815
08/15/2023
1,907.52
1,910.60
1,900.98
1,901.65
-5.82
-0.31%
5,774
08/14/2023
1,913.80
1,915.72
1,904.02
1,907.47
-6.27
-0.33%
5,716
08/11/2023
1,912.42
1,920.37
1,911.96
1,913.74
+1.23
+0.06%
5,878
08/10/2023
1,914.75
1,927.43
1,912.51
1,912.51
-2.10
-0.11%
5,783
08/09/2023
1,925.13
1,931.88
1,914.58
1,914.61
-10.23
-0.53%
5,846
08/08/2023
1,936.50
1,937.69
1,924.12
1,924.84
-11.61
-0.60%
5,798
08/07/2023
1,942.98
1,944.47
1,932.40
1,936.45
-6.56
-0.34%
5,178
08/04/2023
1,934.19
1,945.77
1,931.01
1,943.01
+8.73
+0.45%
5,841
08/03/2023
1,934.76
1,938.50
1,931.32
1,934.28
-0.41
-0.02%
5,709